"A.L"= 0.07m
"A.h"= 0.0075m
"A.d"= 0.003m
"A.delta"= 45.0001
"A.w"= 0.02m
"A.v"= 0.03m
"A.s"= 0.0075m
"A.t"= 0.0025m
"B.L"= 0.06m
"B.h"= 0.0075m
"B.s"= 0.0075m
"B.t"= 0.0025m
"C.h"= 0.0004m
"C.d"= 0.003m
"C.L"= 0.04m
"C.wmax"= 0.008m
"D.L"= 0.05m
"D.h"= 0.0075m
"D.s"= 0.0075m
"D.t"= 0.0025m
"a_h"= 0.001m
"a_d"= 0.003m
"a_L"= 0.0075m
"b_h"= 0.00015m
"b_d"= 0.003m
"b_L"= 0.0075m
"c_h"= 0.00015m
"c_d"= 0.003m
"c_L"= 0.0075m
"d_h"= 0.002m
"d_d"= 0.003m
"d_L"= 0.0075m
"S.h"= 0.01m
"S.L"= 0.1178m
